8031984
6908940
8354769
9978144
1466444
6241177
8864103
4903717
1136536
1623927
5393397
7689792
3591697
6912553
5451463
6600341
2360969
4261104
6962251
7898938
3798135
9782293
3865095
6678859
5035626
6184924
5762936
3098538
4214096
3356049
6875076
7608788
3788850
8407999
2487399
8197222
2395832
2429440
2799002
3503991
7333672
6228905
9075668
1422759
7727463
8309628
9456677
9446727
8780372
6959510
9597898
7284036
8759145
6950868
3714727
8194101
4371610
9436500
3897782
2299609
6975523
2789042
1201034
4005486
2233957
7709125
4134062
5659820
2760066
2098877
5765414
7670592
9019185
5138999
1234802
3411307
2982583
2324105
4796083
5623977
3840185
7288959
9219413
1283805
3386472
4999409
2310690
3071246
9804765
6680702
1969883
9525120
8867497
4886038
9698100
1116632
7455370
1338078
2383526
7992703
2934216
6880388
5055083
2668739
7947112
9432997
1332028
6451721
3649227
2347457
2466988
8434130
9062005
7420883
7315104
1068948
1718829
8536498
3413403
2976359
2864719
6521261
4524172
1549844
2646548
6124244
4128345
4716753
7052964
1162687
2792400
5521642
4122210
3704641
6392975
6232542
6936045
2224217
7473217
7173119
1033290
5078925
6960015
4249558
3604206
7815386
1769756
7571961
9677985
3605354
2313548
2988761
3710543
9356529
6571125
2725143
8540507
7055985
8789783
1204218
8064739
7717017
7600540
5242979
7757602
1068259
6702513
7895515
6479748
4387418
7845354
5829508
8475036
2181066
1168570
6844305
4428554
2263069
7890920
2816208
1903496
6260662
8397916
5964693
5746356
6802120
1561662
8586459
2335642
9833500
4043018
9744714
6505889
2344397
2003151
2635268
4703031
1548642
6615372
4192663
1477752
9507803
2869560
6718282
1283795
9545463
6368071
1058840
8674739
7764090
2525553
1164705
3520033
7502832
7808300
9221997
5145623
2439775
4476473
6217375
2219385
9024950
3363166
3573688
6718196
4354230
9227151
8411539
6860259
2770726
9797722
8247408
4536135
4332595
5125879
7560683
4870824
1816335
9427050
9264471
8496526
3470427
8449576
8557929
3945938
5935353
3983678
4068833
2506837
5514047
2588499
6845799
6601233
4610509
6405384
6628949
9492192
7418084
8588034
7754179
9674476
8015641
2183962
2575760
2497319
4311165
9497106
8014635
7526809
9882342
4059007
9995044
8881339
2845926
8462710
7617841
2280777
6326139
1868886
1601842
3865357
9669099
8175213
4971812
7354119
5038783
7499336
5694906
5288028
5451286
9802557
3770217
3085227
6881278
9447408
6058187
9262560
4313840
6146716
2219734
2054205
2121955
4861039
8871519
7317460
7192783
2648406
6002408
5807357
1313557
7314037
7692959
3027744
9671018
1152726
5670540
2188091
2226514
7603876
7697360
6562272
7914115
8982087
8658625
8589412
9378885
5858255
7251509
3261278
7848467
9245875
6693329
4651592
8791303
7680322
6627185
1104713
3201341
4482062
8722463
2625931
4060333
6463299
9693994
7272687
2793167
8430683
6023959
7497634
6383188
4680016
3852724
8947533
3435998
9937665
6566000
6220735
9732011
1409499
1343935
3492194
4798929
8833113
4116551
9739134
4892316
9041725
8877126
8863889
1037952
1484740
7182351
7952669
9382865
5074512
5238994
2037896
3467368
8318459
8271694
9378904
1565347
8768592
3126861
5640418
5965578
3231442
6534784
8736233
8964435
9436152
8292146
7039253
4822448
3995457
7626204
2972931
6717759
4095158
1470164
4969590
5814733
9737441
8096165
4999538
8032708
8088513
5616598
8796111
5813211
7925307
7695334
7541589
6916463
4458479
8702107
9794557
7642402
9713530
2243327
4350706
8716964
1149014
6262664
1922512
1810236
7512940
6073281
3294489
8181821
4885846
9285446
4612662
7119744
4309669
4410618
9525333
3066606
2803898
6466494
6823847
9258862
1011451
1446460
4863020
6262751
6781218
9828051
9977497
8561397
6768770
9130541
4021582
1871008
6191993
6789698
1004813
2162422
9783093
5304209
7439977
6274350
6125781
1799978
2469417
1604315
9680695
5539801
6021485
1903136
3082673
3982926
9653226
2516246
1739682
9039001
1072141
8461226
8315447
9586520
9581151
3832629
9821674
6844156
2532916
2757496
8977016
4523915
4536992
2812510
3766273
8776963
9539783
2398421
6288347
2461430
8926031
9454022
2793027
6562754
4660034
2392086
4488266
3915587
6931405
2389951
9052761
9607124
2707493
9110383
7439013
8093665
2580898
9707625
3151545
1547115
6256818
7982163
8970352
2314535
4219485
6905504
5271563
3706123
9638004
9330909
3465508
7201610
6272350
4698227
8519655
5419759
5151609
7619714
6490283
8392817
9283076
3981254
8674494
8511411
7600319
1024849
9084842
4074315
8942026
9102875
4854932
9762288
4241368
4302992
2983293
9294833
8585451
9940329
8089051
9398629
6213673
6753786
5798230
1552474
8012202
9560036
3290640
9835722
3886706
1832855
1290050
8910887
2961267
7860182
9023699
6802285
9109453
3235577
9170709
2942361
5373561
2439300
9396968
1624262
4940591
2686055
5795091
8994358
5118328
2664880
6178292
1847596
8101668
2893131
5751205
5914793
2060956
7829339
7870150
3313600
8648884
1101136
7683044
2812268
9030684
5147921
9407584
9265995
6464314
6338207
8573622
2247043
9476271
7400820
3092824
6076089
3701232
9665777
4910848
2470847
6631211
1108896
6106847
4623090
4211893
1730725
6618653
7721040
4774551
7245004
9653548
4277017
4211130
4378522
5199471
6168446
4707720
7156607
2335003
2814434
3932765
5910845
5673262
8664365
7922629
7483804
7526690
7008263
6872070
6790703
6044490
4072996
2080898
8040809
7050020
7091730
8430645
8923611
9263658
1928427
9114767
2896655
8664949
8552398
8240275
7015536
6937395
9912283
7060103
3782795
9592580
2773982
6147012
9309154
2006176
7063983
5677138
4653420
9071563
3106437
3589499
4399679
4536901
9936616
2001482
2134046
7759992
4814964
5523547
7068300
7131705
5734471
5373582
4109051
1609111
5747329
6137139
7681549
2575894
5222494
2793984
1662578
2524193
6096065
2102411
4345946
5908804
2019569
1065608
3730859
2093102
6780724
1092714
7899316
4890887
3919101
2096054
8737271
3741827
1715105
2699624
7933970
1094240
2460277
1467536
9501924
8398431
1000098
3680575
5752659
7108598
1235664
8476917
1082693
8241010
4900316
1577528
6983311
7849686
1172239
3875574
1791749
5468918
9536401
6925967
5484485
4161075
9052895
2667186
2370226
6373678
7432045
9416713
2328588
4349124
2452513
4263854
5348489
9072412
1851186
1338186
8807020
2727837
9880562
3341470
5173012
3522420
3323252
7903770
2904261
2539157
6415473
1781219
7170394
3987442
9621198
6507039
8803630
4683822
2278303
1623486
9752928
1636166
5842139
4527082
2360221
1362618
9523980
2424456
7726534
9259798
5847392
7499276
2727413
2564850
8913203
1608070
2074563
6217216
6539830
9668765
1844404
1037707
2700188
1482703
4474153
1240261
8852902
7506845
6015599
1972031
3017956
3301384
6158660
8271268
7240613
6559263
8930395
7177170
1290857
6715340
1606649
2248324
6807588
1260683
8124857
7422122
9157583
9806456
8177403
9141984
7524925
1709388
8204462
6060851
7983708
6013217
1519535
2028701
9859639
7663893
1480401
7330592
5571172
2294020
3052682
7934166
5093356
4396180
9233375
8285598
2696304
9395207
1168138
4171392
5036164
9331070
5366587
6398106
1764540
9108794
3531157
3612981
6513653
9664459
3472806
5526196
8400158
8695815
1631236
6673274
4452415
5128652
5012678
4448767
6201847
4485364
3025976
1700315
9333301
5560060
2484835
7731515
8821758
3559279
5377486
1684009
7919228
2722916
4434762
5032788
2907359
8949703
1112051
6443929
1593372
7161524
2105193
5558070
6034141
5821127
9849932
5166833
5762696
6432120
1284718
3056049
8338024
3709555
7651999
4974280
5334143
6055112
5412860
4710979
7514366
5805920
9203397
6791749
2448038
1924862
9511332
4272646
9702010
6422690
9233067
4366123
3917158
3870542
3442396
4702767
7853778
5804708
1688064
6257028
5091995
3807721
3951648
3363683
5403512
9428818
6338101
8114475
5810126
8940755
5429643
6124486
4658864
6298936
7400436
4425400
1521205
2694737
4949075
4976321
9481204
8164913
1443683
1249877
4415641
2135435
2027590
6847582
9882738
8265247
6254871
9468910
8535930
5548695
9330045
7344760
4205680
8229790
3677495
1375999
4160362
6372386
8761649
3291185
7943886
5564002
9472592
7095900
7181591
2317046
8143160
3329148
6872356
9146689
1193367
2163033
2462238
6123914
7197365
1806366
1579568
6185361
9319244
4361339
1752748
5912616
1665459
4129635
7915234